nohup: ignoring input
GPU available? True	 and GPU ID is : 0
Task is : SRL
../data/chn_srl/train.chinese.cpb1.0.jsonlines total sentences number 8828
../data/chn_srl/dev.chinese.cpb1.0.jsonlines total sentences number 561
Loaded 561 eval examples.
../data/embeddings/giga.demo.0.7.word.emb.txt.CPB1.0.w.dependency.filtered, embedding size=300, embedding number=43321
../data/embeddings/giga.demo.0.7.word.emb.txt.CPB1.0.filtered, embedding size=300, embedding number=16225
Load 5421 chars, Dictionary freezed.
Reading conll syntactic trees from ../data/dependency-trees/ALL-from-xpeng/dep_all.conll and the prune ratio is 0.8
Total 67679 conll trees, load 67679 conll syntactic trees.
Loading Dependency Trees duration was 0:00:17.
Extract 43323 words and 23 tags
Max training sentence length: 240
Max development sentence length: 145
word embedding shape [43323, 300], head embedding shape [16227, 300]
Word padding id 0, unk id 1
Head padding id 0, unk id 1
Char padding id 0, unk id 1
Dev data has 32 batches.
Data loading duration was 0:00:28.
Directory conll05_model does not exist. Creating new.
Preparation duration was 0:00:00.
('USE_GOLD_PREDICATES ? ', True)
BiLSTMTaggerModel initialize with GPU!
gamma (1,)
word_embedding.weight (43323, 300)
head_embedding.weight (16227, 300)
char_embedding.weight (5421, 100)
char_cnns.0.weight (100, 100, 3)
char_cnns.0.bias (100,)
char_cnns.1.weight (100, 100, 4)
char_cnns.1.bias (100,)
char_cnns.2.weight (100, 100, 5)
char_cnns.2.bias (100,)
softmax_dep_weights.0 (1,)
softmax_dep_weights.1 (1,)
softmax_dep_weights.2 (1,)
bilstm.lstm_project_layer.0.weight (400, 400)
bilstm.lstm_project_layer.0.bias (400,)
bilstm.lstm_project_layer.1.weight (400, 400)
bilstm.lstm_project_layer.1.bias (400,)
bilstm.fcells.0.linear.weight (600, 1200)
bilstm.fcells.0.linear.bias (600,)
bilstm.fcells.1.linear.weight (600, 600)
bilstm.fcells.1.linear.bias (600,)
bilstm.fcells.2.linear.weight (600, 600)
bilstm.fcells.2.linear.bias (600,)
bilstm.bcells.0.linear.weight (600, 1200)
bilstm.bcells.0.linear.bias (600,)
bilstm.bcells.1.linear.weight (600, 600)
bilstm.bcells.1.linear.bias (600,)
bilstm.bcells.2.linear.weight (600, 600)
bilstm.bcells.2.linear.bias (600,)
bilstm.f_initial.0 (2, 200)
bilstm.f_initial.1 (2, 200)
bilstm.f_initial.2 (2, 200)
bilstm.b_initial.0 (2, 200)
bilstm.b_initial.1 (2, 200)
bilstm.b_initial.2 (2, 200)
dep_bilstm.lstm_project_layer.0.weight (400, 400)
dep_bilstm.lstm_project_layer.0.bias (400,)
dep_bilstm.lstm_project_layer.1.weight (400, 400)
dep_bilstm.lstm_project_layer.1.bias (400,)
dep_bilstm.fcells.0.linear.weight (600, 800)
dep_bilstm.fcells.0.linear.bias (600,)
dep_bilstm.fcells.1.linear.weight (600, 600)
dep_bilstm.fcells.1.linear.bias (600,)
dep_bilstm.fcells.2.linear.weight (600, 600)
dep_bilstm.fcells.2.linear.bias (600,)
dep_bilstm.bcells.0.linear.weight (600, 800)
dep_bilstm.bcells.0.linear.bias (600,)
dep_bilstm.bcells.1.linear.weight (600, 600)
dep_bilstm.bcells.1.linear.bias (600,)
dep_bilstm.bcells.2.linear.weight (600, 600)
dep_bilstm.bcells.2.linear.bias (600,)
dep_bilstm.f_initial.0 (2, 200)
dep_bilstm.f_initial.1 (2, 200)
dep_bilstm.f_initial.2 (2, 200)
dep_bilstm.b_initial.0 (2, 200)
dep_bilstm.b_initial.1 (2, 200)
dep_bilstm.b_initial.2 (2, 200)
span_width_embedding.weight (30, 20)
context_projective_layer.weight (1, 400)
context_projective_layer.bias (1,)
arg_unary_score_layers.0.weight (150, 1220)
arg_unary_score_layers.0.bias (150,)
arg_unary_score_layers.1.weight (150, 150)
arg_unary_score_layers.1.bias (150,)
arg_unary_score_projection.weight (1, 150)
arg_unary_score_projection.bias (1,)
pred_unary_score_layers.0.weight (150, 400)
pred_unary_score_layers.0.bias (150,)
pred_unary_score_layers.1.weight (150, 150)
pred_unary_score_layers.1.bias (150,)
pred_unary_score_projection.weight (1, 150)
pred_unary_score_projection.bias (1,)
srl_unary_score_layers.0.weight (150, 1620)
srl_unary_score_layers.0.bias (150,)
srl_unary_score_layers.1.weight (150, 150)
srl_unary_score_layers.1.bias (150,)
srl_unary_score_projection.weight (22, 150)
srl_unary_score_projection.bias (22,)
mlp_arc_dep.linear.weight (600, 400)
mlp_arc_dep.linear.bias (600,)
mlp_arc_head.linear.weight (600, 400)
mlp_arc_head.linear.bias (600,)
arc_biaffine.linear.weight (500, 501)
rel_biaffine.linear.weight (2222, 101)
Building NN model duration was 0:00:04.
Extracted 67679 samples and 1708 batches.
Extracted 8806 samples and 306 batches.
After mix operation, the resulting training batch size is 1530
250 training steps, loss=2316.652, steps/s=0.82 took 0:05:06 (0:05:06 since last tick).
500 training steps, loss=1508.038, steps/s=0.81 took 0:10:14 (0:05:08 since last tick).
750 training steps, loss=1301.054, steps/s=0.81 took 0:15:22 (0:05:07 since last tick).
1000 training steps, loss=1199.514, steps/s=0.82 took 0:20:24 (0:05:02 since last tick).
1250 training steps, loss=1121.232, steps/s=0.82 took 0:25:27 (0:05:03 since last tick).
1500 training steps, loss=1065.051, steps/s=0.82 took 0:30:31 (0:05:03 since last tick).
Epoch 0, steps=30, loss=1025.228
Evaluating
Dev loss=197.939207
SRL (unofficial): Precision: 75.8563273073, Recall: 64.9755501222, F1: 69.9956101844
Unlabeled SRL (unofficial): Precision: 82.635585157, Recall: 70.782396088, F1: 76.2510974539
gold path ../data/chn_srl/dev/dev.props
Output temp outoput /tmp/srl_pred_37597.tmp
Number of Sentences    :         561
Number of Propositions :        2064
Percentage of perfect props :  36.63

              corr.  excess  missed    prec.    rec.      F1
------------------------------------------------------------
   Overall     3189    1015    1719    75.86   64.98   70.00
----------
        A0      838     388     454    68.35   64.86   66.56
        A1     1124     279     607    80.11   64.93   71.73
        A2       34      44     184    43.59   15.60   22.97
        A3        0       0      15     0.00    0.00    0.00
        A4        0       0       9     0.00    0.00    0.00
    AM-ADV      661      71     167    90.30   79.83   84.74
    AM-ASP        0       0       1     0.00    0.00    0.00
    AM-BNF        1       1      10    50.00    9.09   15.38
    AM-CND        0       0       7     0.00    0.00    0.00
    AM-DIR        1       0      11   100.00    8.33   15.38
    AM-DIS       21      31      21    40.38   50.00   44.68
    AM-EXT        1       0       7   100.00   12.50   22.22
    AM-LOC      109      43      45    71.71   70.78   71.24
    AM-MNR       69      37      54    65.09   56.10   60.26
    AM-PRP       24      18      15    57.14   61.54   59.26
    AM-TMP      306     103     104    74.82   74.63   74.73
    AM-TPC        0       0       8     0.00    0.00    0.00
------------------------------------------------------------
         V     2064       0       0   100.00  100.00  100.00
------------------------------------------------------------

Number of Sentences    :         561
Number of Propositions :        2064
Percentage of perfect props :  36.63

              corr.  excess  missed    prec.    rec.      F1
------------------------------------------------------------
   Overall     3189    1719    1015    64.98   75.86   70.00
----------
        A0      838     454     388    64.86   68.35   66.56
        A1     1124     607     279    64.93   80.11   71.73
        A2       34     184      44    15.60   43.59   22.97
        A3        0      15       0     0.00    0.00    0.00
        A4        0       9       0     0.00    0.00    0.00
    AM-ADV      661     167      71    79.83   90.30   84.74
    AM-ASP        0       1       0     0.00    0.00    0.00
    AM-BNF        1      10       1     9.09   50.00   15.38
    AM-CND        0       7       0     0.00    0.00    0.00
    AM-DIR        1      11       0     8.33  100.00   15.38
    AM-DIS       21      21      31    50.00   40.38   44.68
    AM-EXT        1       7       0    12.50  100.00   22.22
    AM-LOC      109      45      43    70.78   71.71   71.24
    AM-MNR       69      54      37    56.10   65.09   60.26
    AM-PRP       24      15      18    61.54   57.14   59.26
    AM-TMP      306     104     103    74.63   74.82   74.73
    AM-TPC        0       8       0     0.00    0.00    0.00
------------------------------------------------------------
         V     2064       0       0   100.00  100.00  100.00
------------------------------------------------------------

Official CoNLL Precision=75.86, Recall=64.98, Fscore=69.9997557512
Saved model to: conll05_model/model
Evaluation duration was 0:00:16.
Epoch0 duration was 0:31:25.
Extracted 67679 samples and 1709 batches.
Extracted 8806 samples and 305 batches.
After mix operation, the resulting training batch size is 1525
1780 training steps, loss=1004.671, steps/s=5.66 took 0:05:14 (0:05:14 since last tick).
2030 training steps, loss=975.605, steps/s=3.24 took 0:10:27 (0:05:12 since last tick).
2280 training steps, loss=947.186, steps/s=2.42 took 0:15:40 (0:05:13 since last tick).
2530 training steps, loss=922.992, steps/s=2.02 took 0:20:51 (0:05:11 since last tick).
2780 training steps, loss=896.324, steps/s=1.78 took 0:26:02 (0:05:10 since last tick).
3030 training steps, loss=888.920, steps/s=1.61 took 0:31:18 (0:05:16 since last tick).
Epoch 1, steps=25, loss=868.646
Evaluating
Dev loss=162.732582
SRL (unofficial): Precision: 80.0689655172, Recall: 70.9657701711, F1: 75.2430330525
Unlabeled SRL (unofficial): Precision: 85.7011494253, Recall: 75.9576202119, F1: 80.5357528624
gold path ../data/chn_srl/dev/dev.props
Output temp outoput /tmp/srl_pred_37597.tmp
Number of Sentences    :         561
Number of Propositions :        2064
Percentage of perfect props :  44.28

              corr.  excess  missed    prec.    rec.      F1
------------------------------------------------------------
   Overall     3483     867    1425    80.07   70.97   75.24
----------
        A0      884     291     408    75.23   68.42   71.67
        A1     1268     277     463    82.07   73.25   77.41
        A2       89      44     129    66.92   40.83   50.71
        A3        0       0      15     0.00    0.00    0.00
        A4        0       0       9     0.00    0.00    0.00
    AM-ADV      692      88     136    88.72   83.57   86.07
    AM-ASP        0       0       1     0.00    0.00    0.00
    AM-BNF        5       5       6    50.00   45.45   47.62
    AM-CND        0       0       7     0.00    0.00    0.00
    AM-DIR        0       1      12     0.00    0.00    0.00
    AM-DIS       19      21      23    47.50   45.24   46.34
    AM-EXT        3       0       5   100.00   37.50   54.55
    AM-LOC      108      26      46    80.60   70.13   75.00
    AM-MNR       80      29      43    73.39   65.04   68.97
    AM-PRP       26       7      13    78.79   66.67   72.22
    AM-TMP      309      78     101    79.84   75.37   77.54
    AM-TPC        0       0       8     0.00    0.00    0.00
------------------------------------------------------------
         V     2064       0       0   100.00  100.00  100.00
------------------------------------------------------------

Number of Sentences    :         561
Number of Propositions :        2064
Percentage of perfect props :  44.28

              corr.  excess  missed    prec.    rec.      F1
------------------------------------------------------------
   Overall     3483    1425     867    70.97   80.07   75.24
----------
        A0      884     408     291    68.42   75.23   71.67
        A1     1268     463     277    73.25   82.07   77.41
        A2       89     129      44    40.83   66.92   50.71
        A3        0      15       0     0.00    0.00    0.00
        A4        0       9       0     0.00    0.00    0.00
    AM-ADV      692     136      88    83.57   88.72   86.07
    AM-ASP        0       1       0     0.00    0.00    0.00
    AM-BNF        5       6       5    45.45   50.00   47.62
    AM-CND        0       7       0     0.00    0.00    0.00
    AM-DIR        0      12       1     0.00    0.00    0.00
    AM-DIS       19      23      21    45.24   47.50   46.34
    AM-EXT        3       5       0    37.50  100.00   54.55
    AM-LOC      108      46      26    70.13   80.60   75.00
    AM-MNR       80      43      29    65.04   73.39   68.97
    AM-PRP       26      13       7    66.67   78.79   72.22
    AM-TMP      309     101      78    75.37   79.84   77.54
    AM-TPC        0       8       0     0.00    0.00    0.00
------------------------------------------------------------
         V     2064       0       0   100.00  100.00  100.00
------------------------------------------------------------

Official CoNLL Precision=80.07, Recall=70.97, Fscore=75.2458673199
Saved model to: conll05_model/model
Evaluation duration was 0:00:18.
Epoch1 duration was 0:32:05.
Extracted 67679 samples and 1710 batches.
Extracted 8806 samples and 305 batches.
After mix operation, the resulting training batch size is 1525
3305 training steps, loss=844.227, steps/s=10.62 took 0:05:11 (0:05:11 since last tick).
3555 training steps, loss=836.225, steps/s=5.71 took 0:10:22 (0:05:10 since last tick).
3805 training steps, loss=822.180, steps/s=4.09 took 0:15:30 (0:05:07 since last tick).
4055 training steps, loss=818.121, steps/s=3.27 took 0:20:41 (0:05:11 since last tick).
4305 training steps, loss=802.938, steps/s=2.77 took 0:25:51 (0:05:09 since last tick).
4555 training steps, loss=785.518, steps/s=2.44 took 0:31:06 (0:05:14 since last tick).
Epoch 2, steps=25, loss=790.122
Evaluating
Dev loss=155.167302
SRL (unofficial): Precision: 80.4650152108, Recall: 75.4482477588, F1: 77.8759200841
Unlabeled SRL (unofficial): Precision: 85.3541938288, Recall: 80.032599837, F1: 82.6077812829
gold path ../data/chn_srl/dev/dev.props
Output temp outoput /tmp/srl_pred_37597.tmp
Number of Sentences    :         561
Number of Propositions :        2064
Percentage of perfect props :  49.90

              corr.  excess  missed    prec.    rec.      F1
------------------------------------------------------------
   Overall     3703     899    1205    80.47   75.45   77.88
----------
        A0      942     288     350    76.59   72.91   74.70
        A1     1360     281     371    82.88   78.57   80.66
        A2      119      45      99    72.56   54.59   62.30
        A3        2       0      13   100.00   13.33   23.53
        A4        2       1       7    66.67   22.22   33.33
    AM-ADV      703      93     125    88.32   84.90   86.58
    AM-ASP        0       0       1     0.00    0.00    0.00
    AM-BNF        5       4       6    55.56   45.45   50.00
    AM-CND        1       0       6   100.00   14.29   25.00
    AM-DIR        0       1      12     0.00    0.00    0.00
    AM-DIS       24      27      18    47.06   57.14   51.61
    AM-EXT        4       0       4   100.00   50.00   66.67
    AM-LOC      109      23      45    82.58   70.78   76.22
    AM-MNR       86      33      37    72.27   69.92   71.07
    AM-PRP       28       8      11    77.78   71.79   74.67
    AM-TMP      318      95      92    77.00   77.56   77.28
    AM-TPC        0       0       8     0.00    0.00    0.00
------------------------------------------------------------
         V     2064       0       0   100.00  100.00  100.00
------------------------------------------------------------

Number of Sentences    :         561
Number of Propositions :        2064
Percentage of perfect props :  49.90

              corr.  excess  missed    prec.    rec.      F1
------------------------------------------------------------
   Overall     3703    1205     899    75.45   80.47   77.88
----------
        A0      942     350     288    72.91   76.59   74.70
        A1     1360     371     281    78.57   82.88   80.66
        A2      119      99      45    54.59   72.56   62.30
        A3        2      13       0    13.33  100.00   23.53
        A4        2       7       1    22.22   66.67   33.33
    AM-ADV      703     125      93    84.90   88.32   86.58
    AM-ASP        0       1       0     0.00    0.00    0.00
    AM-BNF        5       6       4    45.45   55.56   50.00
    AM-CND        1       6       0    14.29  100.00   25.00
    AM-DIR        0      12       1     0.00    0.00    0.00
    AM-DIS       24      18      27    57.14   47.06   51.61
    AM-EXT        4       4       0    50.00  100.00   66.67
    AM-LOC      109      45      23    70.78   82.58   76.22
    AM-MNR       86      37      33    69.92   72.27   71.07
    AM-PRP       28      11       8    71.79   77.78   74.67
    AM-TMP      318      92      95    77.56   77.00   77.28
    AM-TPC        0       8       0     0.00    0.00    0.00
------------------------------------------------------------
         V     2064       0       0   100.00  100.00  100.00
------------------------------------------------------------

Official CoNLL Precision=80.47, Recall=75.45, Fscore=77.8791880452
Saved model to: conll05_model/model
Evaluation duration was 0:00:18.
Epoch2 duration was 0:31:55.
Extracted 67679 samples and 1709 batches.
Extracted 8806 samples and 305 batches.
After mix operation, the resulting training batch size is 1525
4830 training steps, loss=748.658, steps/s=15.41 took 0:05:13 (0:05:13 since last tick).
5080 training steps, loss=752.542, steps/s=8.12 took 0:10:25 (0:05:12 since last tick).
5330 training steps, loss=750.298, steps/s=5.70 took 0:15:35 (0:05:09 since last tick).
5580 training steps, loss=746.271, steps/s=4.47 took 0:20:47 (0:05:11 since last tick).
5830 training steps, loss=738.008, steps/s=3.74 took 0:25:58 (0:05:10 since last tick).
6080 training steps, loss=727.810, steps/s=3.25 took 0:31:11 (0:05:13 since last tick).
Epoch 3, steps=25, loss=718.577
Evaluating
Dev loss=151.498424
SRL (unofficial): Precision: 81.3001083424, Recall: 76.4466177669, F1: 78.7986978893
Unlabeled SRL (unofficial): Precision: 86.045503792, Recall: 80.9087204564, F1: 83.3980888376
gold path ../data/chn_srl/dev/dev.props
Output temp outoput /tmp/srl_pred_37597.tmp
Number of Sentences    :         561
Number of Propositions :        2064
Percentage of perfect props :  51.36

              corr.  excess  missed    prec.    rec.      F1
------------------------------------------------------------
   Overall     3752     863    1156    81.30   76.45   78.80
----------
        A0      960     269     332    78.11   74.30   76.16
        A1     1382     258     349    84.27   79.84   81.99
        A2      127      47      91    72.99   58.26   64.80
        A3        2       2      13    50.00   13.33   21.05
        A4        4       1       5    80.00   44.44   57.14
    AM-ADV      709     103     119    87.32   85.63   86.46
    AM-ASP        0       0       1     0.00    0.00    0.00
    AM-BNF        6       6       5    50.00   54.55   52.17
    AM-CND        4       3       3    57.14   57.14   57.14
    AM-DIR        1       2      11    33.33    8.33   13.33
    AM-DIS       16      20      26    44.44   38.10   41.03
    AM-EXT        4       0       4   100.00   50.00   66.67
    AM-LOC      110      26      44    80.88   71.43   75.86
    AM-MNR       93      34      30    73.23   75.61   74.40
    AM-PRP       23       4      16    85.19   58.97   69.70
    AM-TMP      311      87      99    78.14   75.85   76.98
    AM-TPC        0       1       8     0.00    0.00    0.00
------------------------------------------------------------
         V     2064       0       0   100.00  100.00  100.00
------------------------------------------------------------

Number of Sentences    :         561
Number of Propositions :        2064
Percentage of perfect props :  51.36

              corr.  excess  missed    prec.    rec.      F1
------------------------------------------------------------
   Overall     3752    1156     863    76.45   81.30   78.80
----------
        A0      960     332     269    74.30   78.11   76.16
        A1     1382     349     258    79.84   84.27   81.99
        A2      127      91      47    58.26   72.99   64.80
        A3        2      13       2    13.33   50.00   21.05
        A4        4       5       1    44.44   80.00   57.14
    AM-ADV      709     119     103    85.63   87.32   86.46
    AM-ASP        0       1       0     0.00    0.00    0.00
    AM-BNF        6       5       6    54.55   50.00   52.17
    AM-CND        4       3       3    57.14   57.14   57.14
    AM-DIR        1      11       2     8.33   33.33   13.33
    AM-DIS       16      26      20    38.10   44.44   41.03
    AM-EXT        4       4       0    50.00  100.00   66.67
    AM-LOC      110      44      26    71.43   80.88   75.86
    AM-MNR       93      30      34    75.61   73.23   74.40
    AM-PRP       23      16       4    58.97   85.19   69.70
    AM-TMP      311      99      87    75.85   78.14   76.98
    AM-TPC        0       8       1     0.00    0.00    0.00
------------------------------------------------------------
         V     2064       0       0   100.00  100.00  100.00
------------------------------------------------------------

Official CoNLL Precision=81.3, Recall=76.45, Fscore=78.8004437401
Saved model to: conll05_model/model
Evaluation duration was 0:00:18.
Epoch3 duration was 0:32:00.
Extracted 67679 samples and 1708 batches.
Extracted 8806 samples and 305 batches.
After mix operation, the resulting training batch size is 1525
6355 training steps, loss=699.813, steps/s=20.22 took 0:05:14 (0:05:14 since last tick).
6605 training steps, loss=696.719, steps/s=10.53 took 0:10:27 (0:05:12 since last tick).
6855 training steps, loss=696.455, steps/s=7.27 took 0:15:43 (0:05:16 since last tick).
7105 training steps, loss=695.890, steps/s=5.65 took 0:20:57 (0:05:14 since last tick).
7355 training steps, loss=690.066, steps/s=4.68 took 0:26:12 (0:05:15 since last tick).
7605 training steps, loss=680.612, steps/s=4.03 took 0:31:25 (0:05:13 since last tick).
Epoch 4, steps=25, loss=692.792
Evaluating
Dev loss=149.636615
SRL (unofficial): Precision: 80.9732664996, Recall: 78.9934800326, F1: 79.9711221122
Unlabeled SRL (unofficial): Precision: 85.2965747703, Recall: 83.2110839446, F1: 84.2409240924
gold path ../data/chn_srl/dev/dev.props
Output temp outoput /tmp/srl_pred_37597.tmp
Number of Sentences    :         561
Number of Propositions :        2064
Percentage of perfect props :  53.63

              corr.  excess  missed    prec.    rec.      F1
------------------------------------------------------------
   Overall     3877     911    1031    80.97   78.99   79.97
----------
        A0     1006     332     286    75.19   77.86   76.50
        A1     1390     214     341    86.66   80.30   83.36
        A2      153      56      65    73.21   70.18   71.66
        A3        3       1      12    75.00   20.00   31.58
        A4        4       1       5    80.00   44.44   57.14
    AM-ADV      721     104     107    87.39   87.08   87.24
    AM-ASP        0       0       1     0.00    0.00    0.00
    AM-BNF        5       2       6    71.43   45.45   55.56
    AM-CND        6       4       1    60.00   85.71   70.59
    AM-DIR        0       2      12     0.00    0.00    0.00
    AM-DIS       25      28      17    47.17   59.52   52.63
    AM-EXT        5       1       3    83.33   62.50   71.43
    AM-LOC      118      26      36    81.94   76.62   79.19
    AM-MNR       84      26      39    76.36   68.29   72.10
    AM-PRP       30       8       9    78.95   76.92   77.92
    AM-TMP      327     106      83    75.52   79.76   77.58
    AM-TPC        0       0       8     0.00    0.00    0.00
------------------------------------------------------------
         V     2064       0       0   100.00  100.00  100.00
------------------------------------------------------------

Number of Sentences    :         561
Number of Propositions :        2064
Percentage of perfect props :  53.63

              corr.  excess  missed    prec.    rec.      F1
------------------------------------------------------------
   Overall     3877    1031     911    78.99   80.97   79.97
----------
        A0     1006     286     332    77.86   75.19   76.50
        A1     1390     341     214    80.30   86.66   83.36
        A2      153      65      56    70.18   73.21   71.66
        A3        3      12       1    20.00   75.00   31.58
        A4        4       5       1    44.44   80.00   57.14
    AM-ADV      721     107     104    87.08   87.39   87.24
    AM-ASP        0       1       0     0.00    0.00    0.00
    AM-BNF        5       6       2    45.45   71.43   55.56
    AM-CND        6       1       4    85.71   60.00   70.59
    AM-DIR        0      12       2     0.00    0.00    0.00
    AM-DIS       25      17      28    59.52   47.17   52.63
    AM-EXT        5       3       1    62.50   83.33   71.43
    AM-LOC      118      36      26    76.62   81.94   79.19
    AM-MNR       84      39      26    68.29   76.36   72.10
    AM-PRP       30       9       8    76.92   78.95   77.92
    AM-TMP      327      83     106    79.76   75.52   77.58
    AM-TPC        0       8       0     0.00    0.00    0.00
------------------------------------------------------------
         V     2064       0       0   100.00  100.00  100.00
------------------------------------------------------------

Official CoNLL Precision=80.97, Recall=78.99, Fscore=79.9677456864
Saved model to: conll05_model/model
Evaluation duration was 0:00:19.
Epoch4 duration was 0:32:18.
Extracted 67679 samples and 1709 batches.
Extracted 8806 samples and 305 batches.
After mix operation, the resulting training batch size is 1525
7880 training steps, loss=663.500, steps/s=25.13 took 0:05:13 (0:05:13 since last tick).
8130 training steps, loss=659.141, steps/s=13.00 took 0:10:25 (0:05:11 since last tick).
8380 training steps, loss=665.253, steps/s=8.88 took 0:15:43 (0:05:18 since last tick).
8630 training steps, loss=652.144, steps/s=6.84 took 0:21:02 (0:05:18 since last tick).
8880 training steps, loss=649.105, steps/s=5.63 took 0:26:15 (0:05:13 since last tick).
9130 training steps, loss=654.741, steps/s=4.84 took 0:31:27 (0:05:11 since last tick).
Epoch 5, steps=25, loss=633.204
Evaluating
Dev loss=153.690772
SRL (unofficial): Precision: 81.5525876461, Recall: 79.6251018745, F1: 80.5773195876
Unlabeled SRL (unofficial): Precision: 85.7470784641, Recall: 83.7204563977, F1: 84.7216494845
gold path ../data/chn_srl/dev/dev.props
Output temp outoput /tmp/srl_pred_37597.tmp
Number of Sentences    :         561
Number of Propositions :        2064
Percentage of perfect props :  55.38

              corr.  excess  missed    prec.    rec.      F1
------------------------------------------------------------
   Overall     3908     884    1000    81.55   79.63   80.58
----------
        A0     1017     319     275    76.12   78.72   77.40
        A1     1435     224     296    86.50   82.90   84.66
        A2      150      43      68    77.72   68.81   72.99
        A3        4       4      11    50.00   26.67   34.78
        A4        2       1       7    66.67   22.22   33.33
    AM-ADV      716      89     112    88.94   86.47   87.69
    AM-ASP        0       0       1     0.00    0.00    0.00
    AM-BNF        5       3       6    62.50   45.45   52.63
    AM-CND        4       0       3   100.00   57.14   72.73
    AM-DIR        0       1      12     0.00    0.00    0.00
    AM-DIS       23      31      19    42.59   54.76   47.92
    AM-EXT        4       1       4    80.00   50.00   61.54
    AM-LOC      113      31      41    78.47   73.38   75.84
    AM-MNR       88      32      35    73.33   71.54   72.43
    AM-PRP       23       5      16    82.14   58.97   68.66
    AM-TMP      324     100      86    76.42   79.02   77.70
    AM-TPC        0       0       8     0.00    0.00    0.00
------------------------------------------------------------
         V     2064       0       0   100.00  100.00  100.00
------------------------------------------------------------

Number of Sentences    :         561
Number of Propositions :        2064
Percentage of perfect props :  55.38

              corr.  excess  missed    prec.    rec.      F1
------------------------------------------------------------
   Overall     3908    1000     884    79.63   81.55   80.58
----------
        A0     1017     275     319    78.72   76.12   77.40
        A1     1435     296     224    82.90   86.50   84.66
        A2      150      68      43    68.81   77.72   72.99
        A3        4      11       4    26.67   50.00   34.78
        A4        2       7       1    22.22   66.67   33.33
    AM-ADV      716     112      89    86.47   88.94   87.69
    AM-ASP        0       1       0     0.00    0.00    0.00
    AM-BNF        5       6       3    45.45   62.50   52.63
    AM-CND        4       3       0    57.14  100.00   72.73
    AM-DIR        0      12       1     0.00    0.00    0.00
    AM-DIS       23      19      31    54.76   42.59   47.92
    AM-EXT        4       4       1    50.00   80.00   61.54
    AM-LOC      113      41      31    73.38   78.47   75.84
    AM-MNR       88      35      32    71.54   73.33   72.43
    AM-PRP       23      16       5    58.97   82.14   68.66
    AM-TMP      324      86     100    79.02   76.42   77.70
    AM-TPC        0       8       0     0.00    0.00    0.00
------------------------------------------------------------
         V     2064       0       0   100.00  100.00  100.00
------------------------------------------------------------

Official CoNLL Precision=81.55, Recall=79.63, Fscore=80.578564338
Saved model to: conll05_model/model
Evaluation duration was 0:00:18.
Epoch5 duration was 0:32:19.
Extracted 67679 samples and 1708 batches.
Extracted 8806 samples and 305 batches.
After mix operation, the resulting training batch size is 1525
9405 training steps, loss=629.495, steps/s=29.86 took 0:05:14 (0:05:14 since last tick).
9655 training steps, loss=625.134, steps/s=15.30 took 0:10:31 (0:05:16 since last tick).
9905 training steps, loss=629.191, steps/s=10.50 took 0:15:43 (0:05:11 since last tick).
10155 training steps, loss=621.069, steps/s=8.07 took 0:20:57 (0:05:14 since last tick).
10405 training steps, loss=621.329, steps/s=6.61 took 0:26:13 (0:05:15 since last tick).
10655 training steps, loss=627.237, steps/s=5.63 took 0:31:31 (0:05:18 since last tick).
Epoch 6, steps=25, loss=634.840
Evaluating
Dev loss=156.583802
SRL (unofficial): Precision: 81.8821096174, Recall: 80.6642216789, F1: 81.2686030997
Unlabeled SRL (unofficial): Precision: 86.0186142709, Recall: 84.739201304, F1: 85.3741147491
gold path ../data/chn_srl/dev/dev.props
Output temp outoput /tmp/srl_pred_37597.tmp
Number of Sentences    :         561
Number of Propositions :        2064
Percentage of perfect props :  56.59

              corr.  excess  missed    prec.    rec.      F1
------------------------------------------------------------
   Overall     3959     876     949    81.88   80.66   81.27
----------
        A0     1021     302     271    77.17   79.02   78.09
        A1     1454     232     277    86.24   84.00   85.10
        A2      150      45      68    76.92   68.81   72.64
        A3        4       4      11    50.00   26.67   34.78
        A4        3       1       6    75.00   33.33   46.15
    AM-ADV      725      88     103    89.18   87.56   88.36
    AM-ASP        0       0       1     0.00    0.00    0.00
    AM-BNF        5       7       6    41.67   45.45   43.48
    AM-CND        4       1       3    80.00   57.14   66.67
    AM-DIR        3       7       9    30.00   25.00   27.27
    AM-DIS       24      26      18    48.00   57.14   52.17
    AM-EXT        4       1       4    80.00   50.00   61.54
    AM-LOC      116      20      38    85.29   75.32   80.00
    AM-MNR       94      34      29    73.44   76.42   74.90
    AM-PRP       26       9      13    74.29   66.67   70.27
    AM-TMP      326      97      84    77.07   79.51   78.27
    AM-TPC        0       2       8     0.00    0.00    0.00
------------------------------------------------------------
         V     2064       0       0   100.00  100.00  100.00
------------------------------------------------------------

Number of Sentences    :         561
Number of Propositions :        2064
Percentage of perfect props :  56.59

              corr.  excess  missed    prec.    rec.      F1
------------------------------------------------------------
   Overall     3959     949     876    80.66   81.88   81.27
----------
        A0     1021     271     302    79.02   77.17   78.09
        A1     1454     277     232    84.00   86.24   85.10
        A2      150      68      45    68.81   76.92   72.64
        A3        4      11       4    26.67   50.00   34.78
        A4        3       6       1    33.33   75.00   46.15
    AM-ADV      725     103      88    87.56   89.18   88.36
    AM-ASP        0       1       0     0.00    0.00    0.00
    AM-BNF        5       6       7    45.45   41.67   43.48
    AM-CND        4       3       1    57.14   80.00   66.67
    AM-DIR        3       9       7    25.00   30.00   27.27
    AM-DIS       24      18      26    57.14   48.00   52.17
    AM-EXT        4       4       1    50.00   80.00   61.54
    AM-LOC      116      38      20    75.32   85.29   80.00
    AM-MNR       94      29      34    76.42   73.44   74.90
    AM-PRP       26      13       9    66.67   74.29   70.27
    AM-TMP      326      84      97    79.51   77.07   78.27
    AM-TPC        0       8       2     0.00    0.00    0.00
------------------------------------------------------------
         V     2064       0       0   100.00  100.00  100.00
------------------------------------------------------------

Official CoNLL Precision=81.88, Recall=80.66, Fscore=81.2654214347
Saved model to: conll05_model/model
Evaluation duration was 0:00:18.
Epoch6 duration was 0:32:22.
Extracted 67679 samples and 1708 batches.
Extracted 8806 samples and 305 batches.
After mix operation, the resulting training batch size is 1525
10930 training steps, loss=597.579, steps/s=34.82 took 0:05:13 (0:05:13 since last tick).
11180 training steps, loss=609.452, steps/s=17.72 took 0:10:30 (0:05:16 since last tick).
11430 training steps, loss=606.531, steps/s=12.10 took 0:15:44 (0:05:13 since last tick).
11680 training steps, loss=602.035, steps/s=9.27 took 0:21:00 (0:05:16 since last tick).
11930 training steps, loss=602.833, steps/s=7.56 took 0:26:17 (0:05:17 since last tick).
12180 training steps, loss=605.850, steps/s=6.42 took 0:31:36 (0:05:18 since last tick).
Epoch 7, steps=25, loss=605.864
Evaluating
Dev loss=162.484715
SRL (unofficial): Precision: 81.062308478, Recall: 80.847595762, F1: 80.9548097521
Unlabeled SRL (unofficial): Precision: 84.9233912155, Recall: 84.6984515077, F1: 84.8107722126
gold path ../data/chn_srl/dev/dev.props
Output temp outoput /tmp/srl_pred_37597.tmp
Number of Sentences    :         561
Number of Propositions :        2064
Percentage of perfect props :  55.91

              corr.  excess  missed    prec.    rec.      F1
------------------------------------------------------------
   Overall     3968     927     940    81.06   80.85   80.95
----------
        A0     1033     321     259    76.29   79.95   78.08
        A1     1437     232     294    86.10   83.02   84.53
        A2      149      47      69    76.02   68.35   71.98
        A3        9       5       6    64.29   60.00   62.07
        A4        4       2       5    66.67   44.44   53.33
    AM-ADV      723      92     105    88.71   87.32   88.01
    AM-ASP        0       0       1     0.00    0.00    0.00
    AM-BNF        6       4       5    60.00   54.55   57.14
    AM-CND        5       4       2    55.56   71.43   62.50
    AM-DIR        2       4      10    33.33   16.67   22.22
    AM-DIS       26      29      16    47.27   61.90   53.61
    AM-EXT        4       2       4    66.67   50.00   57.14
    AM-LOC      120      25      34    82.76   77.92   80.27
    AM-MNR      102      54      21    65.38   82.93   73.12
    AM-PRP       23       7      16    76.67   58.97   66.67
    AM-TMP      325      98      85    76.83   79.27   78.03
    AM-TPC        0       1       8     0.00    0.00    0.00
------------------------------------------------------------
         V     2064       0       0   100.00  100.00  100.00
------------------------------------------------------------

Number of Sentences    :         561
Number of Propositions :        2064
Percentage of perfect props :  55.91

              corr.  excess  missed    prec.    rec.      F1
------------------------------------------------------------
   Overall     3968     940     927    80.85   81.06   80.95
----------
        A0     1033     259     321    79.95   76.29   78.08
        A1     1437     294     232    83.02   86.10   84.53
        A2      149      69      47    68.35   76.02   71.98
        A3        9       6       5    60.00   64.29   62.07
        A4        4       5       2    44.44   66.67   53.33
    AM-ADV      723     105      92    87.32   88.71   88.01
    AM-ASP        0       1       0     0.00    0.00    0.00
    AM-BNF        6       5       4    54.55   60.00   57.14
    AM-CND        5       2       4    71.43   55.56   62.50
    AM-DIR        2      10       4    16.67   33.33   22.22
    AM-DIS       26      16      29    61.90   47.27   53.61
    AM-EXT        4       4       2    50.00   66.67   57.14
    AM-LOC      120      34      25    77.92   82.76   80.27
    AM-MNR      102      21      54    82.93   65.38   73.12
    AM-PRP       23      16       7    58.97   76.67   66.67
    AM-TMP      325      85      98    79.27   76.83   78.03
    AM-TPC        0       8       1     0.00    0.00    0.00
------------------------------------------------------------
         V     2064       0       0   100.00  100.00  100.00
------------------------------------------------------------

Official CoNLL Precision=81.06, Recall=80.85, Fscore=80.9548638132
Evaluation duration was 0:00:18.
Epoch7 duration was 0:32:27.
Extracted 67679 samples and 1708 batches.
Extracted 8806 samples and 304 batches.
After mix operation, the resulting training batch size is 1520
12455 training steps, loss=584.011, steps/s=39.11 took 0:05:18 (0:05:18 since last tick).
12705 training steps, loss=590.927, steps/s=20.09 took 0:10:32 (0:05:13 since last tick).
12955 training steps, loss=580.220, steps/s=13.67 took 0:15:47 (0:05:15 since last tick).
13205 training steps, loss=584.751, steps/s=10.47 took 0:21:01 (0:05:13 since last tick).
13455 training steps, loss=582.520, steps/s=8.53 took 0:26:17 (0:05:16 since last tick).
13705 training steps, loss=587.695, steps/s=7.24 took 0:31:34 (0:05:16 since last tick).
Epoch 8, steps=20, loss=565.899
Evaluating
Dev loss=163.746457
SRL (unofficial): Precision: 81.2129875434, Recall: 81.0309698452, F1: 81.1218765936
Unlabeled SRL (unofficial): Precision: 85.1337553604, Recall: 84.9429502852, F1: 85.038245793
gold path ../data/chn_srl/dev/dev.props
Output temp outoput /tmp/srl_pred_37597.tmp
Number of Sentences    :         561
Number of Propositions :        2064
Percentage of perfect props :  56.25

              corr.  excess  missed    prec.    rec.      F1
------------------------------------------------------------
   Overall     3977     920     931    81.21   81.03   81.12
----------
        A0     1034     293     258    77.92   80.03   78.96
        A1     1437     230     294    86.20   83.02   84.58
        A2      162      65      56    71.37   74.31   72.81
        A3        2       1      13    66.67   13.33   22.22
        A4        4       1       5    80.00   44.44   57.14
    AM-ADV      726      85     102    89.52   87.68   88.59
    AM-ASP        0       0       1     0.00    0.00    0.00
    AM-BNF        5       4       6    55.56   45.45   50.00
    AM-CND        5       2       2    71.43   71.43   71.43
